{
  "topicIds": [
    0,
    1,
    2,
    3,
    4,
    5,
    6,
    7,
    8,
    9,
    10,
    11,
    12,
    13,
    14,
    15,
    16,
    17,
    18,
    19,
    20,
    21,
    22,
    23,
    24,
    25,
    26,
    27,
    28,
    29,
    30,
    31,
    32,
    33,
    34,
    35,
    36,
    37,
    38,
    39,
    40,
    41,
    42,
    43,
    44,
    45,
    46,
    47,
    48,
    49,
    50,
    51,
    52,
    53,
    54,
    55,
    56,
    57,
    58,
    59,
    60,
    61,
    62,
    63,
    64,
    65,
    66,
    67,
    68,
    69,
    70,
    71,
    72,
    73,
    74,
    75,
    76,
    77,
    78,
    79,
    80,
    81,
    82,
    83,
    84,
    85,
    86,
    87,
    88,
    89,
    90,
    91,
    92,
    93,
    94,
    95,
    96,
    97,
    98,
    99,
    100,
    101,
    102,
    103,
    104,
    105,
    106,
    107,
    108,
    109
  ],
  "matrix": [
    [
      1.0,
      0.488,
      0.407,
      0.482,
      0.256,
      0.317,
      0.551,
      0.402,
      0.408,
      0.362,
      0.295,
      0.475,
      0.441,
      0.469,
      0.585,
      0.293,
      0.428,
      0.389,
      0.431,
      0.497,
      0.521,
      0.348,
      0.513,
      0.328,
      0.299,
      0.496,
      0.345,
      0.302,
      0.513,
      0.498,
      0.392,
      0.3,
      0.446,
      0.285,
      0.406,
      0.32,
      0.256,
      0.273,
      0.236,
      0.427,
      0.111,
      0.644,
      0.43,
      0.331,
      0.277,
      0.24,
      0.379,
      0.356,
      0.395,
      0.393,
      0.23,
      0.265,
      0.242,
      0.325,
      0.521,
      0.39,
      0.339,
      0.351,
      0.448,
      0.635,
      0.277,
      0.483,
      0.34,
      0.34,
      0.47,
      0.27,
      0.416,
      0.297,
      0.302,
      0.391,
      0.443,
      0.189,
      0.554,
      0.26,
      0.442,
      0.358,
      0.481,
      0.314,
      0.319,
      0.368,
      0.243,
      0.275,
      0.432,
      0.496,
      0.265,
      0.213,
      0.477,
      0.427,
      0.402,
      0.465,
      0.463,
      0.407,
      0.368,
      0.347,
      0.439,
      0.467,
      0.385,
      0.367,
      0.344,
      0.443,
      0.486,
      0.547,
      0.302,
      0.361,
      0.393,
      0.242,
      0.299,
      0.42,
      0.553,
      0.276
    ],
    [
      0.488,
      1.0,
      0.221,
      0.301,
      0.218,
      0.084,
      0.358,
      0.128,
      0.327,
      0.216,
      0.047,
      0.22,
      0.378,
      0.262,
      0.434,
      0.154,
      0.297,
      0.247,
      0.171,
      0.345,
      0.264,
      0.207,
      0.267,
      0.16,
      0.294,
      0.264,
      0.132,
      0.082,
      0.273,
      0.433,
      0.187,
      0.213,
      0.168,
      0.16,
      0.117,
      0.162,
      0.099,
      0.168,
      0.135,
      0.294,
      0.045,
      0.373,
      0.298,
      0.083,
      0.22,
      0.175,
      0.166,
      0.2,
      0.358,
      0.174,
      0.028,
      0.175,
      0.045,
      0.312,
      0.292,
      0.239,
      0.067,
      0.122,
      0.238,
      0.313,
      0.162,
      0.246,
      0.186,
      0.277,
      0.182,
      0.216,
      0.245,
      0.136,
      0.073,
      0.264,
      0.262,
      0.149,
      0.403,
      0.398,
      0.184,
      0.104,
      0.529,
      0.096,
      0.111,
      0.069,
      0.12,
      0.082,
      0.305,
      0.362,
      0.081,
      0.069,
      0.303,
      0.385,
      0.228,
      0.291,
      0.185,
      0.269,
      0.299,
      0.215,
      0.185,
      0.18,
      0.31,
      0.433,
      0.302,
      0.852,
      0.425,
      0.226,
      0.137,
      0.227,
      0.235,
      0.051,
      0.175,
      0.366,
      0.292,
      0.072
    ],
    [
      0.407,
      0.221,
      1.0,
      0.544,
      0.322,
      0.241,
      0.4,
      0.374,
      0.349,
      0.217,
      0.222,
      0.51,
      0.338,
      0.28,
      0.281,
      0.494,
      0.157,
      0.478,
      0.423,
      0.423,
      0.391,
      0.271,
      0.412,
      0.425,
      0.136,
      0.352,
      0.46,
      0.191,
      0.478,
      0.414,
      0.304,
      0.201,
      0.405,
      0.442,
      0.424,
      0.252,
      0.208,
      0.24,
      0.359,
      0.381,
      0.018,
      0.436,
      0.372,
      0.368,
      0.256,
      0.223,
      0.384,
      0.218,
      0.378,
      0.36,
      0.257,
      0.221,
      0.4,
      0.316,
      0.5,
      0.267,
      0.302,
      0.461,
      0.365,
      0.482,
      0.132,
      0.338,
      0.373,
      0.407,
      0.31,
      0.255,
      0.259,
      0.245,
      0.368,
      0.32,
      0.252,
      0.358,
      0.512,
      0.242,
      0.342,
      0.277,
      0.329,
      0.327,
      0.3,
      0.288,
      0.164,
      0.312,
      0.299,
      0.548,
      0.317,
      0.233,
      0.334,
      0.252,
      0.415,
      0.441,
      0.39,
      0.441,
      0.367,
      0.312,
      0.558,
      0.309,
      0.487,
      0.311,
      0.301,
      0.216,
      0.382,
      0.468,
      0.441,
      0.294,
      0.46,
      0.327,
      0.236,
      0.43,
      0.513,
      0.266
    ],
    [
      0.482,
      0.301,
      0.544,
      1.0,
      0.713,
      0.577,
      0.624,
      0.532,
      0.671,
      0.417,
      0.356,
      0.76,
      0.697,
      0.37,
      0.579,
      0.426,
      0.505,
      0.563,
      0.828,
      0.621,
      0.512,
      0.405,
      0.534,
      0.643,
      0.235,
      0.49,
      0.456,
      0.36,
      0.675,
      0.52,
      0.552,
      0.401,
      0.68,
      0.571,
      0.547,
      0.455,
      0.312,
      0.419,
      0.295,
      0.691,
      0.184,
      0.423,
      0.445,
      0.638,
      0.696,
      0.38,
      0.49,
      0.445,
      0.38,
      0.415,
      0.391,
      0.465,
      0.531,
      0.617,
      0.708,
      0.711,
      0.596,
      0.502,
      0.464,
      0.662,
      0.291,
      0.634,
      0.628,
      0.488,
      0.484,
      0.508,
      0.375,
      0.465,
      0.481,
      0.547,
      0.492,
      0.504,
      0.588,
      0.464,
      0.461,
      0.59,
      0.564,
      0.605,
      0.534,
      0.286,
      0.316,
      0.518,
      0.466,
      0.657,
      0.477,
      0.303,
      0.478,
      0.527,
      0.652,
      0.688,
      0.54,
      0.388,
      0.45,
      0.512,
      0.451,
      0.437,
      0.398,
      0.489,
      0.393,
      0.285,
      0.579,
      0.444,
      0.558,
      0.477,
      0.555,
      0.401,
      0.454,
      0.591,
      0.508,
      0.422
    ],
    [
      0.256,
      0.218,
      0.322,
      0.713,
      1.0,
      0.379,
      0.34,
      0.409,
      0.512,
      0.236,
      0.152,
      0.487,
      0.533,
      0.198,
      0.336,
      0.175,
      0.292,
      0.428,
      0.533,
      0.287,
      0.337,
      0.156,
      0.261,
      0.52,
      0.345,
      0.305,
      0.366,
      0.125,
      0.399,
      0.269,
      0.386,
      0.188,
      0.459,
      0.4,
      0.314,
      0.18,
      0.037,
      0.259,
      0.251,
      0.378,
      0.12,
      0.168,
      0.185,
      0.489,
      0.667,
      0.206,
      0.286,
      0.295,
      0.175,
      0.295,
      0.267,
      0.332,
      0.269,
      0.399,
      0.344,
      0.565,
      0.375,
      0.306,
      0.259,
      0.365,
      0.099,
      0.321,
      0.311,
      0.271,
      0.202,
      0.404,
      0.23,
      0.336,
      0.314,
      0.277,
      0.29,
      0.461,
      0.225,
      0.24,
      0.251,
      0.356,
      0.398,
      0.417,
      0.257,
      0.142,
      0.083,
      0.374,
      0.389,
      0.306,
      0.413,
      0.277,
      0.307,
      0.276,
      0.374,
      0.381,
      0.333,
      0.166,
      0.261,
      0.404,
      0.152,
      0.161,
      0.154,
      0.321,
      0.139,
      0.229,
      0.387,
      0.189,
      0.348,
      0.296,
      0.393,
      0.157,
      0.164,
      0.349,
      0.288,
      0.302
    ],
    [
      0.317,
      0.084,
      0.241,
      0.577,
      0.379,
      1.0,
      0.533,
      0.4,
      0.304,
      0.34,
      0.708,
      0.475,
      0.348,
      0.434,
      0.344,
      0.173,
      0.21,
      0.369,
      0.808,
      0.428,
      0.407,
      0.232,
      0.472,
      0.379,
      0.216,
      0.459,
      0.33,
      0.523,
      0.41,
      0.297,
      0.409,
      0.3,
      0.417,
      0.389,
      0.453,
      0.359,
      0.389,
      0.465,
      0.115,
      0.399,
      0.665,
      0.344,
      0.348,
      0.614,
      0.478,
      0.358,
      0.346,
      0.579,
      0.249,
      0.586,
      0.508,
      0.509,
      0.355,
      0.464,
      0.511,
      0.638,
      0.703,
      0.186,
      0.278,
      0.62,
      0.39,
      0.413,
      0.295,
      0.349,
      0.651,
      0.216,
      0.283,
      0.357,
      0.551,
      0.398,
      0.469,
      0.32,
      0.389,
      0.268,
      0.369,
      0.613,
      0.287,
      0.493,
      0.702,
      0.542,
      0.418,
      0.408,
      0.285,
      0.411,
      0.366,
      0.54,
      0.294,
      0.256,
      0.401,
      0.451,
      0.35,
      0.347,
      0.308,
      0.228,
      0.239,
      0.334,
      0.227,
      0.265,
      0.204,
      0.066,
      0.423,
      0.259,
      0.344,
      0.416,
      0.224,
      0.283,
      0.361,
      0.298,
      0.367,
      0.383
    ],
    [
      0.551,
      0.358,
      0.4,
      0.624,
      0.34,
      0.533,
      1.0,
      0.35,
      0.432,
      0.338,
      0.362,
      0.617,
      0.61,
      0.64,
      0.624,
      0.291,
      0.517,
      0.416,
      0.535,
      0.666,
      0.72,
      0.344,
      0.832,
      0.375,
      0.369,
      0.61,
      0.358,
      0.266,
      0.513,
      0.622,
      0.387,
      0.378,
      0.46,
      0.357,
      0.644,
      0.508,
      0.416,
      0.467,
      0.159,
      0.559,
      0.188,
      0.576,
      0.506,
      0.379,
      0.411,
      0.297,
      0.478,
      0.705,
      0.391,
      0.381,
      0.493,
      0.372,
      0.389,
      0.508,
      0.62,
      0.553,
      0.415,
      0.228,
      0.41,
      0.589,
      0.467,
      0.514,
      0.303,
      0.521,
      0.43,
      0.375,
      0.557,
      0.443,
      0.434,
      0.564,
      0.802,
      0.373,
      0.615,
      0.407,
      0.558,
      0.344,
      0.648,
      0.458,
      0.343,
      0.483,
      0.618,
      0.274,
      0.508,
      0.566,
      0.318,
      0.256,
      0.504,
      0.426,
      0.593,
      0.484,
      0.457,
      0.424,
      0.484,
      0.383,
      0.397,
      0.236,
      0.315,
      0.411,
      0.341,
      0.337,
      0.642,
      0.363,
      0.348,
      0.45,
      0.32,
      0.314,
      0.539,
      0.458,
      0.438,
      0.245
    ],
    [
      0.402,
      0.128,
      0.374,
      0.532,
      0.409,
      0.4,
      0.35,
      1.0,
      0.409,
      0.209,
      0.297,
      0.437,
      0.342,
      0.307,
      0.273,
      0.231,
      0.158,
      0.407,
      0.488,
      0.3,
      0.353,
      0.107,
      0.334,
      0.451,
      0.172,
      0.292,
      0.542,
      0.178,
      0.512,
      0.311,
      0.535,
      0.249,
      0.708,
      0.473,
      0.402,
      0.265,
      0.133,
      0.271,
      0.212,
      0.319,
      0.207,
      0.329,
      0.282,
      0.506,
      0.384,
      0.274,
      0.265,
      0.231,
      0.164,
      0.391,
      0.42,
      0.185,
      0.29,
      0.232,
      0.325,
      0.366,
      0.301,
      0.548,
      0.247,
      0.495,
      0.249,
      0.395,
      0.271,
      0.437,
      0.391,
      0.286,
      0.356,
      0.298,
      0.375,
      0.311,
      0.232,
      0.328,
      0.378,
      0.185,
      0.365,
      0.365,
      0.292,
      0.334,
      0.249,
      0.255,
      0.221,
      0.345,
      0.352,
      0.365,
      0.258,
      0.216,
      0.364,
      0.272,
      0.371,
      0.389,
      0.378,
      0.258,
      0.347,
      0.461,
      0.395,
      0.315,
      0.307,
      0.196,
      0.228,
      0.11,
      0.416,
      0.405,
      0.329,
      0.384,
      0.476,
      0.344,
      0.222,
      0.327,
      0.454,
      0.311
    ],
    [
      0.408,
      0.327,
      0.349,
      0.671,
      0.512,
      0.304,
      0.432,
      0.409,
      1.0,
      0.417,
      0.218,
      0.408,
      0.662,
      0.426,
      0.486,
      0.185,
      0.362,
      0.28,
      0.522,
      0.494,
      0.355,
      0.444,
      0.307,
      0.461,
      0.256,
      0.35,
      0.247,
      0.301,
      0.313,
      0.682,
      0.278,
      0.359,
      0.484,
      0.261,
      0.315,
      0.367,
      0.239,
      0.287,
      0.239,
      0.42,
      0.265,
      0.204,
      0.394,
      0.36,
      0.548,
      0.247,
      0.241,
      0.261,
      0.306,
      0.156,
      0.224,
      0.323,
      0.227,
      0.303,
      0.33,
      0.472,
      0.318,
      0.246,
      0.403,
      0.439,
      0.284,
      0.328,
      0.419,
      0.198,
      0.275,
      0.325,
      0.458,
      0.347,
      0.186,
      0.426,
      0.289,
      0.252,
      0.328,
      0.398,
      0.409,
      0.269,
      0.534,
      0.27,
      0.256,
      0.157,
      0.194,
      0.303,
      0.416,
      0.357,
      0.274,
      0.2,
      0.5,
      0.643,
      0.371,
      0.466,
      0.383,
      0.134,
      0.318,
      0.224,
      0.279,
      0.342,
      0.213,
      0.324,
      0.396,
      0.29,
      0.387,
      0.315,
      0.212,
      0.251,
      0.292,
      0.219,
      0.273,
      0.456,
      0.227,
      0.225
    ],
    [
      0.362,
      0.216,
      0.217,
      0.417,
      0.236,
      0.34,
      0.338,
      0.209,
      0.417,
      1.0,
      0.327,
      0.242,
      0.324,
      0.3,
      0.325,
      0.177,
      0.324,
      0.128,
      0.464,
      0.444,
      0.261,
      0.355,
      0.335,
      0.206,
      0.141,
      0.331,
      0.147,
      0.326,
      0.245,
      0.379,
      0.231,
      0.248,
      0.244,
      0.158,
      0.197,
      0.298,
      0.344,
      0.361,
      0.2,
      0.399,
      0.213,
      0.203,
      0.36,
      0.204,
      0.308,
      0.204,
      0.208,
      0.289,
      0.296,
      0.355,
      0.198,
      0.292,
      0.131,
      0.242,
      0.385,
      0.3,
      0.366,
      0.208,
      0.373,
      0.442,
      0.277,
      0.252,
      0.41,
      0.116,
      0.245,
      0.209,
      0.279,
      0.219,
      0.222,
      0.387,
      0.239,
      0.114,
      0.282,
      0.211,
      0.315,
      0.371,
      0.281,
      0.191,
      0.345,
      0.242,
      0.212,
      0.076,
      0.248,
      0.28,
      0.206,
      0.16,
      0.381,
      0.4,
      0.289,
      0.359,
      0.304,
      0.322,
      0.285,
      0.07,
      0.215,
      0.299,
      0.103,
      0.239,
      0.373,
      0.167,
      0.317,
      0.186,
      0.185,
      0.285,
      0.276,
      0.193,
      0.166,
      0.338,
      0.213,
      0.145
    ],
    [
      0.295,
      0.047,
      0.222,
      0.356,
      0.152,
      0.708,
      0.362,
      0.297,
      0.218,
      0.327,
      1.0,
      0.26,
      0.177,
      0.494,
      0.244,
      0.219,
      0.126,
      0.216,
      0.649,
      0.336,
      0.28,
      0.242,
      0.361,
      0.177,
      0.13,
      0.466,
      0.26,
      0.608,
      0.261,
      0.237,
      0.21,
      0.282,
      0.309,
      0.216,
      0.279,
      0.405,
      0.481,
      0.402,
      0.091,
      0.28,
      0.517,
      0.353,
      0.373,
      0.366,
      0.189,
      0.265,
      0.194,
      0.339,
      0.244,
      0.539,
      0.331,
      0.392,
      0.232,
      0.256,
      0.356,
      0.336,
      0.575,
      0.098,
      0.275,
      0.616,
      0.32,
      0.291,
      0.22,
      0.198,
      0.745,
      0.034,
      0.218,
      0.251,
      0.344,
      0.365,
      0.321,
      0.158,
      0.34,
      0.251,
      0.318,
      0.448,
      0.207,
      0.262,
      0.691,
      0.741,
      0.332,
      0.24,
      0.222,
      0.296,
      0.195,
      0.561,
      0.238,
      0.267,
      0.214,
      0.329,
      0.28,
      0.309,
      0.25,
      0.053,
      0.245,
      0.411,
      0.134,
      0.153,
      0.193,
      0.02,
      0.217,
      0.27,
      0.193,
      0.316,
      0.093,
      0.214,
      0.265,
      0.263,
      0.401,
      0.206
    ],
    [
      0.475,
      0.22,
      0.51,
      0.76,
      0.487,
      0.475,
      0.617,
      0.437,
      0.408,
      0.242,
      0.26,
      1.0,
      0.518,
      0.322,
      0.593,
      0.358,
      0.475,
      0.637,
      0.577,
      0.502,
      0.574,
      0.337,
      0.492,
      0.591,
      0.227,
      0.433,
      0.587,
      0.258,
      0.836,
      0.446,
      0.579,
      0.32,
      0.6,
      0.678,
      0.787,
      0.485,
      0.254,
      0.398,
      0.359,
      0.543,
      0.256,
      0.461,
      0.419,
      0.682,
      0.467,
      0.336,
      0.713,
      0.544,
      0.383,
      0.406,
      0.461,
      0.346,
      0.682,
      0.528,
      0.606,
      0.641,
      0.547,
      0.522,
      0.486,
      0.554,
      0.306,
      0.661,
      0.448,
      0.751,
      0.412,
      0.579,
      0.355,
      0.568,
      0.574,
      0.48,
      0.462,
      0.659,
      0.626,
      0.355,
      0.53,
      0.529,
      0.492,
      0.818,
      0.354,
      0.266,
      0.284,
      0.595,
      0.472,
      0.621,
      0.575,
      0.309,
      0.433,
      0.382,
      0.732,
      0.614,
      0.649,
      0.451,
      0.429,
      0.657,
      0.44,
      0.371,
      0.361,
      0.562,
      0.378,
      0.246,
      0.691,
      0.451,
      0.728,
      0.497,
      0.622,
      0.564,
      0.505,
      0.469,
      0.611,
      0.558
    ],
    [
      0.441,
      0.378,
      0.338,
      0.697,
      0.533,
      0.348,
      0.61,
      0.342,
      0.662,
      0.324,
      0.177,
      0.518,
      1.0,
      0.338,
      0.553,
      0.277,
      0.537,
      0.352,
      0.543,
      0.496,
      0.458,
      0.458,
      0.422,
      0.406,
      0.321,
      0.354,
      0.259,
      0.288,
      0.402,
      0.548,
      0.313,
      0.305,
      0.456,
      0.369,
      0.339,
      0.305,
      0.272,
      0.315,
      0.224,
      0.53,
      0.083,
      0.295,
      0.433,
      0.367,
      0.542,
      0.299,
      0.3,
      0.427,
      0.424,
      0.171,
      0.235,
      0.353,
      0.341,
      0.537,
      0.454,
      0.575,
      0.326,
      0.18,
      0.353,
      0.469,
      0.278,
      0.351,
      0.366,
      0.358,
      0.312,
      0.398,
      0.402,
      0.321,
      0.269,
      0.469,
      0.451,
      0.339,
      0.506,
      0.401,
      0.365,
      0.291,
      0.62,
      0.304,
      0.277,
      0.212,
      0.316,
      0.273,
      0.427,
      0.507,
      0.375,
      0.135,
      0.485,
      0.473,
      0.478,
      0.49,
      0.337,
      0.275,
      0.429,
      0.294,
      0.373,
      0.202,
      0.252,
      0.445,
      0.392,
      0.344,
      0.545,
      0.243,
      0.274,
      0.383,
      0.296,
      0.202,
      0.344,
      0.434,
      0.281,
      0.171
    ],
    [
      0.469,
      0.262,
      0.28,
      0.37,
      0.198,
      0.434,
      0.64,
      0.307,
      0.426,
      0.3,
      0.494,
      0.322,
      0.338,
      1.0,
      0.358,
      0.23,
      0.22,
      0.207,
      0.462,
      0.452,
      0.473,
      0.279,
      0.546,
      0.23,
      0.311,
      0.653,
      0.243,
      0.304,
      0.228,
      0.519,
      0.141,
      0.345,
      0.276,
      0.158,
      0.426,
      0.347,
      0.351,
      0.56,
      0.138,
      0.29,
      0.355,
      0.354,
      0.353,
      0.342,
      0.169,
      0.242,
      0.268,
      0.434,
      0.283,
      0.332,
      0.51,
      0.387,
      0.194,
      0.235,
      0.337,
      0.338,
      0.339,
      0.137,
      0.332,
      0.478,
      0.539,
      0.265,
      0.191,
      0.217,
      0.394,
      0.193,
      0.483,
      0.373,
      0.343,
      0.316,
      0.544,
      0.227,
      0.325,
      0.328,
      0.454,
      0.251,
      0.463,
      0.258,
      0.343,
      0.513,
      0.524,
      0.27,
      0.402,
      0.303,
      0.206,
      0.374,
      0.444,
      0.433,
      0.375,
      0.415,
      0.353,
      0.24,
      0.343,
      0.123,
      0.347,
      0.265,
      0.187,
      0.212,
      0.284,
      0.274,
      0.319,
      0.289,
      0.126,
      0.396,
      0.147,
      0.178,
      0.256,
      0.351,
      0.338,
      0.162
    ],
    [
      0.585,
      0.434,
      0.281,
      0.579,
      0.336,
      0.344,
      0.624,
      0.273,
      0.486,
      0.325,
      0.244,
      0.593,
      0.553,
      0.358,
      1.0,
      0.241,
      0.833,
      0.408,
      0.414,
      0.615,
      0.451,
      0.434,
      0.491,
      0.302,
      0.234,
      0.456,
      0.347,
      0.274,
      0.511,
      0.544,
      0.468,
      0.361,
      0.496,
      0.337,
      0.407,
      0.538,
      0.318,
      0.241,
      0.236,
      0.567,
      0.156,
      0.376,
      0.454,
      0.259,
      0.429,
      0.315,
      0.486,
      0.412,
      0.347,
      0.283,
      0.17,
      0.312,
      0.302,
      0.383,
      0.541,
      0.518,
      0.358,
      0.235,
      0.332,
      0.526,
      0.244,
      0.747,
      0.401,
      0.388,
      0.371,
      0.3,
      0.399,
      0.313,
      0.28,
      0.568,
      0.532,
      0.196,
      0.599,
      0.423,
      0.442,
      0.437,
      0.606,
      0.522,
      0.319,
      0.199,
      0.246,
      0.244,
      0.571,
      0.495,
      0.239,
      0.187,
      0.455,
      0.49,
      0.495,
      0.51,
      0.473,
      0.397,
      0.374,
      0.514,
      0.3,
      0.226,
      0.303,
      0.518,
      0.365,
      0.423,
      0.593,
      0.347,
      0.4,
      0.358,
      0.45,
      0.201,
      0.45,
      0.587,
      0.313,
      0.151
    ],
    [
      0.293,
      0.154,
      0.494,
      0.426,
      0.175,
      0.173,
      0.291,
      0.231,
      0.185,
      0.177,
      0.219,
      0.358,
      0.277,
      0.23,
      0.241,
      1.0,
      0.225,
      0.515,
      0.338,
      0.364,
      0.268,
      0.193,
      0.276,
      0.247,
      0.093,
      0.224,
      0.47,
      0.116,
      0.339,
      0.217,
      0.231,
      0.208,
      0.266,
      0.267,
      0.27,
      0.226,
      0.27,
      0.241,
      0.244,
      0.317,
      -0.052,
      0.39,
      0.335,
      0.266,
      0.123,
      0.494,
      0.247,
      0.202,
      0.247,
      0.312,
      0.301,
      0.156,
      0.687,
      0.229,
      0.416,
      0.197,
      0.255,
      0.293,
      0.28,
      0.378,
      0.278,
      0.323,
      0.268,
      0.247,
      0.255,
      0.112,
      0.119,
      0.223,
      0.331,
      0.319,
      0.194,
      0.194,
      0.4,
      0.247,
      0.277,
      0.212,
      0.307,
      0.257,
      0.231,
      0.226,
      0.32,
      0.201,
      0.318,
      0.413,
      0.15,
      0.071,
      0.206,
      0.215,
      0.309,
      0.345,
      0.244,
      0.399,
      0.358,
      0.307,
      0.469,
      0.272,
      0.44,
      0.259,
      0.185,
      0.131,
      0.226,
      0.324,
      0.363,
      0.365,
      0.29,
      0.454,
      0.248,
      0.399,
      0.432,
      0.186
    ],
    [
      0.428,
      0.297,
      0.157,
      0.505,
      0.292,
      0.21,
      0.517,
      0.158,
      0.362,
      0.324,
      0.126,
      0.475,
      0.537,
      0.22,
      0.833,
      0.225,
      1.0,
      0.288,
      0.35,
      0.542,
      0.352,
      0.353,
      0.423,
      0.216,
      0.207,
      0.353,
      0.219,
      0.167,
      0.368,
      0.368,
      0.325,
      0.315,
      0.373,
      0.232,
      0.316,
      0.434,
      0.29,
      0.099,
      0.138,
      0.513,
      0.004,
      0.275,
      0.401,
      0.14,
      0.383,
      0.27,
      0.421,
      0.293,
      0.275,
      0.162,
      0.095,
      0.221,
      0.244,
      0.307,
      0.464,
      0.395,
      0.289,
      0.111,
      0.228,
      0.363,
      0.148,
      0.615,
      0.346,
      0.308,
      0.26,
      0.193,
      0.298,
      0.18,
      0.166,
      0.516,
      0.413,
      0.136,
      0.516,
      0.385,
      0.342,
      0.359,
      0.545,
      0.373,
      0.23,
      0.092,
      0.208,
      0.093,
      0.48,
      0.372,
      0.23,
      0.052,
      0.347,
      0.375,
      0.383,
      0.395,
      0.409,
      0.33,
      0.268,
      0.442,
      0.222,
      0.144,
      0.195,
      0.383,
      0.257,
      0.28,
      0.475,
      0.21,
      0.298,
      0.279,
      0.284,
      0.143,
      0.366,
      0.468,
      0.178,
      0.035
    ],
    [
      0.389,
      0.247,
      0.478,
      0.563,
      0.428,
      0.369,
      0.416,
      0.407,
      0.28,
      0.128,
      0.216,
      0.637,
      0.352,
      0.207,
      0.408,
      0.515,
      0.288,
      1.0,
      0.438,
      0.399,
      0.383,
      0.201,
      0.369,
      0.567,
      0.16,
      0.254,
      0.515,
      0.178,
      0.627,
      0.292,
      0.541,
      0.219,
      0.39,
      0.582,
      0.469,
      0.302,
      0.119,
      0.218,
      0.362,
      0.372,
      0.178,
      0.387,
      0.359,
      0.53,
      0.476,
      0.308,
      0.484,
      0.408,
      0.27,
      0.515,
      0.364,
      0.273,
      0.647,
      0.38,
      0.473,
      0.483,
      0.368,
      0.492,
      0.293,
      0.462,
      0.255,
      0.475,
      0.244,
      0.502,
      0.358,
      0.309,
      0.23,
      0.334,
      0.586,
      0.34,
      0.337,
      0.384,
      0.54,
      0.284,
      0.32,
      0.344,
      0.354,
      0.641,
      0.246,
      0.199,
      0.235,
      0.464,
      0.359,
      0.48,
      0.378,
      0.266,
      0.285,
      0.27,
      0.443,
      0.415,
      0.41,
      0.424,
      0.394,
      0.628,
      0.417,
      0.289,
      0.486,
      0.435,
      0.257,
      0.255,
      0.497,
      0.455,
      0.527,
      0.437,
      0.557,
      0.48,
      0.323,
      0.43,
      0.605,
      0.407
    ],
    [
      0.431,
      0.171,
      0.423,
      0.828,
      0.533,
      0.808,
      0.535,
      0.488,
      0.522,
      0.464,
      0.649,
      0.577,
      0.543,
      0.462,
      0.414,
      0.338,
      0.35,
      0.438,
      1.0,
      0.51,
      0.455,
      0.358,
      0.534,
      0.507,
      0.219,
      0.504,
      0.399,
      0.56,
      0.535,
      0.383,
      0.449,
      0.343,
      0.571,
      0.458,
      0.468,
      0.42,
      0.372,
      0.483,
      0.208,
      0.552,
      0.387,
      0.421,
      0.406,
      0.679,
      0.581,
      0.382,
      0.374,
      0.435,
      0.339,
      0.534,
      0.487,
      0.522,
      0.414,
      0.55,
      0.623,
      0.68,
      0.742,
      0.339,
      0.399,
      0.706,
      0.352,
      0.546,
      0.493,
      0.341,
      0.668,
      0.331,
      0.34,
      0.399,
      0.532,
      0.488,
      0.443,
      0.39,
      0.491,
      0.381,
      0.446,
      0.708,
      0.42,
      0.499,
      0.704,
      0.518,
      0.395,
      0.482,
      0.384,
      0.545,
      0.452,
      0.416,
      0.437,
      0.412,
      0.486,
      0.591,
      0.454,
      0.377,
      0.374,
      0.298,
      0.402,
      0.483,
      0.347,
      0.33,
      0.313,
      0.134,
      0.424,
      0.429,
      0.403,
      0.475,
      0.339,
      0.316,
      0.362,
      0.414,
      0.485,
      0.401
    ],
    [
      0.497,
      0.345,
      0.423,
      0.621,
      0.287,
      0.428,
      0.666,
      0.3,
      0.494,
      0.444,
      0.336,
      0.502,
      0.496,
      0.452,
      0.615,
      0.364,
      0.542,
      0.399,
      0.51,
      1.0,
      0.508,
      0.487,
      0.505,
      0.357,
      0.195,
      0.482,
      0.297,
      0.383,
      0.413,
      0.606,
      0.284,
      0.651,
      0.36,
      0.25,
      0.385,
      0.453,
      0.338,
      0.271,
      0.148,
      0.604,
      0.233,
      0.422,
      0.488,
      0.222,
      0.342,
      0.386,
      0.66,
      0.539,
      0.366,
      0.396,
      0.26,
      0.361,
      0.355,
      0.447,
      0.785,
      0.369,
      0.348,
      0.268,
      0.433,
      0.501,
      0.377,
      0.454,
      0.389,
      0.412,
      0.452,
      0.231,
      0.451,
      0.21,
      0.426,
      0.569,
      0.479,
      0.208,
      0.679,
      0.582,
      0.479,
      0.303,
      0.556,
      0.491,
      0.416,
      0.311,
      0.428,
      0.201,
      0.48,
      0.57,
      0.185,
      0.247,
      0.527,
      0.661,
      0.459,
      0.511,
      0.444,
      0.545,
      0.38,
      0.348,
      0.434,
      0.363,
      0.306,
      0.437,
      0.463,
      0.301,
      0.592,
      0.34,
      0.431,
      0.32,
      0.337,
      0.401,
      0.316,
      0.665,
      0.304,
      0.198
    ],
    [
      0.521,
      0.264,
      0.391,
      0.512,
      0.337,
      0.407,
      0.72,
      0.353,
      0.355,
      0.261,
      0.28,
      0.574,
      0.458,
      0.473,
      0.451,
      0.268,
      0.352,
      0.383,
      0.455,
      0.508,
      1.0,
      0.316,
      0.594,
      0.363,
      0.453,
      0.552,
      0.416,
      0.255,
      0.499,
      0.555,
      0.347,
      0.329,
      0.464,
      0.348,
      0.593,
      0.386,
      0.313,
      0.398,
      0.216,
      0.402,
      0.174,
      0.582,
      0.426,
      0.398,
      0.328,
      0.233,
      0.423,
      0.508,
      0.376,
      0.345,
      0.467,
      0.311,
      0.343,
      0.406,
      0.512,
      0.453,
      0.373,
      0.272,
      0.379,
      0.476,
      0.326,
      0.471,
      0.259,
      0.504,
      0.342,
      0.308,
      0.671,
      0.395,
      0.434,
      0.473,
      0.562,
      0.407,
      0.472,
      0.317,
      0.59,
      0.285,
      0.571,
      0.434,
      0.241,
      0.64,
      0.431,
      0.272,
      0.452,
      0.501,
      0.337,
      0.245,
      0.568,
      0.288,
      0.472,
      0.394,
      0.477,
      0.368,
      0.427,
      0.398,
      0.369,
      0.253,
      0.274,
      0.328,
      0.222,
      0.254,
      0.535,
      0.4,
      0.375,
      0.402,
      0.315,
      0.314,
      0.418,
      0.355,
      0.495,
      0.285
    ],
    [
      0.348,
      0.207,
      0.271,
      0.405,
      0.156,
      0.232,
      0.344,
      0.107,
      0.444,
      0.355,
      0.242,
      0.337,
      0.458,
      0.279,
      0.434,
      0.193,
      0.353,
      0.201,
      0.358,
      0.487,
      0.316,
      1.0,
      0.287,
      0.214,
      0.166,
      0.328,
      0.136,
      0.781,
      0.246,
      0.447,
      0.205,
      0.404,
      0.313,
      0.145,
      0.244,
      0.249,
      0.229,
      0.165,
      0.161,
      0.394,
      0.124,
      0.174,
      0.347,
      0.176,
      0.261,
      0.2,
      0.278,
      0.251,
      0.447,
      0.166,
      0.129,
      0.415,
      0.195,
      0.528,
      0.364,
      0.294,
      0.254,
      0.037,
      0.221,
      0.337,
      0.165,
      0.34,
      0.395,
      0.238,
      0.323,
      0.157,
      0.358,
      0.135,
      0.156,
      0.297,
      0.325,
      0.193,
      0.375,
      0.197,
      0.357,
      0.281,
      0.394,
      0.277,
      0.27,
      0.233,
      0.183,
      0.186,
      0.297,
      0.247,
      0.199,
      0.125,
      0.479,
      0.427,
      0.305,
      0.426,
      0.38,
      0.268,
      0.172,
      0.178,
      0.342,
      0.21,
      0.14,
      0.2,
      0.452,
      0.211,
      0.314,
      0.259,
      0.16,
      0.227,
      0.158,
      0.182,
      0.187,
      0.332,
      0.141,
      0.011
    ],
    [
      0.513,
      0.267,
      0.412,
      0.534,
      0.261,
      0.472,
      0.832,
      0.334,
      0.307,
      0.335,
      0.361,
      0.492,
      0.422,
      0.546,
      0.491,
      0.276,
      0.423,
      0.369,
      0.534,
      0.505,
      0.594,
      0.287,
      1.0,
      0.349,
      0.284,
      0.557,
      0.332,
      0.222,
      0.448,
      0.403,
      0.351,
      0.288,
      0.416,
      0.264,
      0.561,
      0.419,
      0.308,
      0.383,
      0.235,
      0.408,
      0.098,
      0.545,
      0.378,
      0.347,
      0.343,
      0.201,
      0.393,
      0.565,
      0.237,
      0.398,
      0.46,
      0.3,
      0.314,
      0.453,
      0.579,
      0.477,
      0.468,
      0.234,
      0.373,
      0.585,
      0.378,
      0.517,
      0.321,
      0.374,
      0.372,
      0.277,
      0.407,
      0.366,
      0.45,
      0.447,
      0.7,
      0.351,
      0.456,
      0.25,
      0.45,
      0.372,
      0.528,
      0.388,
      0.342,
      0.497,
      0.549,
      0.233,
      0.406,
      0.481,
      0.304,
      0.207,
      0.372,
      0.235,
      0.45,
      0.383,
      0.467,
      0.388,
      0.329,
      0.26,
      0.389,
      0.202,
      0.299,
      0.256,
      0.252,
      0.257,
      0.434,
      0.416,
      0.25,
      0.389,
      0.262,
      0.289,
      0.435,
      0.303,
      0.387,
      0.253
    ],
    [
      0.328,
      0.16,
      0.425,
      0.643,
      0.52,
      0.379,
      0.375,
      0.451,
      0.461,
      0.206,
      0.177,
      0.591,
      0.406,
      0.23,
      0.302,
      0.247,
      0.216,
      0.567,
      0.507,
      0.357,
      0.363,
      0.214,
      0.349,
      1.0,
      0.192,
      0.268,
      0.469,
      0.158,
      0.64,
      0.328,
      0.555,
      0.202,
      0.495,
      0.53,
      0.471,
      0.34,
      0.156,
      0.269,
      0.271,
      0.371,
      0.187,
      0.335,
      0.355,
      0.544,
      0.708,
      0.262,
      0.407,
      0.353,
      0.288,
      0.361,
      0.387,
      0.374,
      0.384,
      0.391,
      0.471,
      0.485,
      0.456,
      0.589,
      0.379,
      0.421,
      0.196,
      0.4,
      0.366,
      0.419,
      0.311,
      0.448,
      0.213,
      0.433,
      0.486,
      0.308,
      0.305,
      0.45,
      0.425,
      0.256,
      0.301,
      0.33,
      0.354,
      0.534,
      0.25,
      0.154,
      0.186,
      0.496,
      0.336,
      0.524,
      0.495,
      0.328,
      0.31,
      0.284,
      0.461,
      0.436,
      0.42,
      0.327,
      0.378,
      0.482,
      0.38,
      0.291,
      0.423,
      0.374,
      0.179,
      0.147,
      0.467,
      0.436,
      0.493,
      0.405,
      0.566,
      0.303,
      0.37,
      0.349,
      0.497,
      0.495
    ],
    [
      0.299,
      0.294,
      0.136,
      0.235,
      0.345,
      0.216,
      0.369,
      0.172,
      0.256,
      0.141,
      0.13,
      0.227,
      0.321,
      0.311,
      0.234,
      0.093,
      0.207,
      0.16,
      0.219,
      0.195,
      0.453,
      0.166,
      0.284,
      0.192,
      1.0,
      0.315,
      0.143,
      0.122,
      0.14,
      0.431,
      0.156,
      0.1,
      0.203,
      0.13,
      0.338,
      0.073,
      0.142,
      0.192,
      0.173,
      0.188,
      0.031,
      0.34,
      0.297,
      0.142,
      0.201,
      0.069,
      0.127,
      0.207,
      0.236,
      0.217,
      0.288,
      0.245,
      0.076,
      0.189,
      0.232,
      0.237,
      0.207,
      -0.018,
      0.174,
      0.274,
      0.019,
      0.208,
      0.089,
      0.241,
      0.204,
      0.123,
      0.462,
      0.213,
      0.173,
      0.178,
      0.35,
      0.258,
      0.215,
      0.102,
      0.433,
      0.134,
      0.399,
      0.139,
      0.118,
      0.303,
      0.183,
      0.124,
      0.33,
      0.161,
      0.21,
      0.125,
      0.41,
      0.143,
      0.151,
      0.206,
      0.261,
      0.205,
      0.187,
      0.173,
      0.138,
      0.108,
      0.155,
      0.085,
      0.246,
      0.263,
      0.247,
      0.096,
      0.06,
      0.213,
      0.094,
      0.083,
      0.201,
      0.099,
      0.187,
      0.075
    ],
    [
      0.496,
      0.264,
      0.352,
      0.49,
      0.305,
      0.459,
      0.61,
      0.292,
      0.35,
      0.331,
      0.466,
      0.433,
      0.354,
      0.653,
      0.456,
      0.224,
      0.353,
      0.254,
      0.504,
      0.482,
      0.552,
      0.328,
      0.557,
      0.268,
      0.315,
      1.0,
      0.26,
      0.329,
      0.346,
      0.46,
      0.172,
      0.278,
      0.366,
      0.222,
      0.492,
      0.295,
      0.269,
      0.623,
      0.216,
      0.383,
      0.178,
      0.402,
      0.29,
      0.367,
      0.246,
      0.153,
      0.294,
      0.403,
      0.323,
      0.406,
      0.375,
      0.531,
      0.209,
      0.448,
      0.502,
      0.389,
      0.416,
      0.178,
      0.419,
      0.659,
      0.219,
      0.378,
      0.35,
      0.294,
      0.439,
      0.337,
      0.45,
      0.506,
      0.29,
      0.318,
      0.603,
      0.296,
      0.367,
      0.242,
      0.466,
      0.392,
      0.443,
      0.403,
      0.501,
      0.509,
      0.286,
      0.189,
      0.429,
      0.386,
      0.316,
      0.391,
      0.401,
      0.348,
      0.547,
      0.607,
      0.405,
      0.358,
      0.357,
      0.216,
      0.34,
      0.226,
      0.225,
      0.23,
      0.349,
      0.221,
      0.375,
      0.372,
      0.24,
      0.431,
      0.21,
      0.214,
      0.242,
      0.385,
      0.452,
      0.192
    ],
    [
      0.345,
      0.132,
      0.46,
      0.456,
      0.366,
      0.33,
      0.358,
      0.542,
      0.247,
      0.147,
      0.26,
      0.587,
      0.259,
      0.243,
      0.347,
      0.47,
      0.219,
      0.515,
      0.399,
      0.297,
      0.416,
      0.136,
      0.332,
      0.469,
      0.143,
      0.26,
      1.0,
      0.153,
      0.583,
      0.287,
      0.512,
      0.175,
      0.551,
      0.488,
      0.509,
      0.375,
      0.176,
      0.295,
      0.304,
      0.342,
      0.159,
      0.391,
      0.313,
      0.505,
      0.327,
      0.425,
      0.447,
      0.332,
      0.224,
      0.39,
      0.476,
      0.226,
      0.554,
      0.22,
      0.345,
      0.384,
      0.356,
      0.467,
      0.321,
      0.439,
      0.325,
      0.46,
      0.278,
      0.529,
      0.334,
      0.37,
      0.26,
      0.378,
      0.484,
      0.315,
      0.228,
      0.417,
      0.451,
      0.227,
      0.415,
      0.307,
      0.345,
      0.491,
      0.25,
      0.261,
      0.224,
      0.395,
      0.522,
      0.401,
      0.361,
      0.263,
      0.342,
      0.239,
      0.445,
      0.385,
      0.48,
      0.477,
      0.347,
      0.617,
      0.312,
      0.222,
      0.388,
      0.327,
      0.17,
      0.131,
      0.492,
      0.438,
      0.528,
      0.422,
      0.483,
      0.398,
      0.336,
      0.379,
      0.524,
      0.444
    ],
    [
      0.302,
      0.082,
      0.191,
      0.36,
      0.125,
      0.523,
      0.266,
      0.178,
      0.301,
      0.326,
      0.608,
      0.258,
      0.288,
      0.304,
      0.274,
      0.116,
      0.167,
      0.178,
      0.56,
      0.383,
      0.255,
      0.781,
      0.222,
      0.158,
      0.122,
      0.329,
      0.153,
      1.0,
      0.21,
      0.294,
      0.19,
      0.383,
      0.295,
      0.176,
      0.192,
      0.222,
      0.27,
      0.204,
      0.105,
      0.334,
