{
  "topicIds": [
    0,
    1,
    2,
    3,
    4,
    5,
    6,
    7,
    8,
    9,
    10,
    11,
    12,
    13,
    14,
    15,
    16,
    17,
    18,
    19,
    20,
    21,
    22,
    23,
    24,
    25,
    26,
    27,
    28,
    29,
    30,
    31,
    32,
    33,
    34,
    35,
    36,
    37,
    38,
    39,
    40,
    41,
    42,
    43,
    44,
    45,
    46,
    47,
    48,
    49,
    50,
    51,
    52,
    53,
    54,
    55,
    56,
    57,
    58,
    59,
    60,
    61,
    62,
    63,
    64,
    65,
    66,
    67,
    68,
    69,
    70,
    71,
    72,
    73,
    74,
    75,
    76,
    77,
    78,
    79,
    80,
    81,
    82,
    83,
    84,
    85,
    86,
    87,
    88,
    89,
    90,
    91,
    92,
    93,
    94,
    95,
    96,
    97,
    98,
    99,
    100,
    101,
    102
  ],
  "matrix": [
    [
      1.0,
      0.768,
      0.529,
      0.719,
      0.438,
      0.663,
      0.584,
      0.503,
      0.65,
      0.649,
      0.631,
      0.547,
      0.642,
      0.651,
      0.581,
      0.647,
      0.66,
      0.699,
      0.628,
      0.603,
      0.654,
      0.666,
      0.713,
      0.648,
      0.599,
      0.705,
      0.645,
      0.58,
      0.545,
      0.665,
      0.573,
      0.553,
      0.535,
      0.584,
      0.662,
      0.461,
      0.632,
      0.592,
      0.631,
      0.564,
      0.639,
      0.563,
      0.616,
      0.666,
      0.534,
      0.553,
      0.748,
      0.538,
      0.642,
      0.521,
      0.624,
      0.646,
      0.521,
      0.576,
      0.711,
      0.542,
      0.661,
      0.55,
      0.461,
      0.606,
      0.617,
      0.538,
      0.577,
      0.589,
      0.695,
      0.673,
      0.741,
      0.501,
      0.473,
      0.5,
      0.603,
      0.538,
      0.64,
      0.407,
      0.571,
      0.705,
      0.584,
      0.63,
      0.569,
      0.6,
      0.607,
      0.7,
      0.573,
      0.531,
      0.638,
      0.556,
      0.611,
      0.509,
      0.718,
      0.63,
      0.611,
      0.635,
      0.621,
      0.655,
      0.642,
      0.505,
      0.631,
      0.652,
      0.582,
      0.632,
      0.559,
      0.617,
      0.62
    ],
    [
      0.768,
      1.0,
      0.604,
      0.801,
      0.514,
      0.732,
      0.629,
      0.585,
      0.635,
      0.754,
      0.667,
      0.784,
      0.769,
      0.511,
      0.713,
      0.727,
      0.739,
      0.768,
      0.723,
      0.775,
      0.742,
      0.758,
      0.765,
      0.69,
      0.716,
      0.785,
      0.688,
      0.69,
      0.683,
      0.723,
      0.704,
      0.616,
      0.604,
      0.667,
      0.713,
      0.518,
      0.705,
      0.645,
      0.72,
      0.614,
      0.743,
      0.665,
      0.751,
      0.73,
      0.573,
      0.682,
      0.719,
      0.631,
      0.792,
      0.686,
      0.72,
      0.714,
      0.608,
      0.631,
      0.67,
      0.649,
      0.753,
      0.624,
      0.565,
      0.668,
      0.688,
      0.622,
      0.653,
      0.684,
      0.758,
      0.703,
      0.737,
      0.621,
      0.565,
      0.612,
      0.624,
      0.613,
      0.754,
      0.45,
      0.631,
      0.776,
      0.712,
      0.773,
      0.663,
      0.717,
      0.678,
      0.777,
      0.683,
      0.58,
      0.722,
      0.659,
      0.695,
      0.6,
      0.801,
      0.707,
      0.68,
      0.76,
      0.696,
      0.711,
      0.626,
      0.53,
      0.692,
      0.67,
      0.627,
      0.635,
      0.63,
      0.701,
      0.722
    ],
    [
      0.529,
      0.604,
      1.0,
      0.631,
      0.426,
      0.481,
      0.487,
      0.494,
      0.489,
      0.591,
      0.537,
      0.491,
      0.589,
      0.417,
      0.581,
      0.567,
      0.628,
      0.585,
      0.532,
      0.529,
      0.574,
      0.588,
      0.547,
      0.748,
      0.563,
      0.575,
      0.568,
      0.548,
      0.44,
      0.539,
      0.562,
      0.541,
      0.54,
      0.53,
      0.538,
      0.479,
      0.561,
      0.524,
      0.569,
      0.496,
      0.547,
      0.556,
      0.537,
      0.554,
      0.527,
      0.546,
      0.592,
      0.483,
      0.572,
      0.556,
      0.601,
      0.519,
      0.555,
      0.491,
      0.537,
      0.575,
      0.561,
      0.528,
      0.422,
      0.578,
      0.755,
      0.513,
      0.527,
      0.592,
      0.569,
      0.614,
      0.496,
      0.521,
      0.493,
      0.519,
      0.507,
      0.556,
      0.567,
      0.406,
      0.507,
      0.535,
      0.524,
      0.503,
      0.534,
      0.528,
      0.566,
      0.568,
      0.522,
      0.461,
      0.515,
      0.552,
      0.59,
      0.534,
      0.546,
      0.494,
      0.499,
      0.566,
      0.55,
      0.557,
      0.488,
      0.454,
      0.553,
      0.51,
      0.568,
      0.605,
      0.522,
      0.571,
      0.542
    ],
    [
      0.719,
      0.801,
      0.631,
      1.0,
      0.545,
      0.642,
      0.583,
      0.548,
      0.634,
      0.712,
      0.705,
      0.557,
      0.749,
      0.5,
      0.731,
      0.77,
      0.787,
      0.743,
      0.777,
      0.628,
      0.769,
      0.755,
      0.805,
      0.766,
      0.777,
      0.793,
      0.834,
      0.658,
      0.515,
      0.816,
      0.718,
      0.699,
      0.674,
      0.643,
      0.804,
      0.596,
      0.711,
      0.782,
      0.696,
      0.632,
      0.732,
      0.839,
      0.824,
      0.822,
      0.653,
      0.716,
      0.832,
      0.775,
      0.862,
      0.711,
      0.726,
      0.738,
      0.649,
      0.769,
      0.804,
      0.776,
      0.75,
      0.694,
      0.687,
      0.774,
      0.764,
      0.761,
      0.83,
      0.681,
      0.682,
      0.755,
      0.69,
      0.762,
      0.765,
      0.77,
      0.656,
      0.77,
      0.736,
      0.567,
      0.687,
      0.858,
      0.682,
      0.61,
      0.747,
      0.834,
      0.672,
      0.862,
      0.821,
      0.574,
      0.647,
      0.672,
      0.822,
      0.709,
      0.696,
      0.74,
      0.701,
      0.751,
      0.731,
      0.822,
      0.703,
      0.641,
      0.708,
      0.67,
      0.725,
      0.723,
      0.7,
      0.692,
      0.696
    ],
    [
      0.438,
      0.514,
      0.426,
      0.545,
      1.0,
      0.468,
      0.587,
      0.398,
      0.503,
      0.524,
      0.541,
      0.353,
      0.673,
      0.316,
      0.451,
      0.758,
      0.559,
      0.457,
      0.544,
      0.408,
      0.514,
      0.51,
      0.6,
      0.482,
      0.447,
      0.48,
      0.489,
      0.397,
      0.494,
      0.449,
      0.609,
      0.401,
      0.388,
      0.377,
      0.53,
      0.586,
      0.461,
      0.483,
      0.457,
      0.543,
      0.552,
      0.54,
      0.426,
      0.432,
      0.653,
      0.527,
      0.464,
      0.401,
      0.487,
      0.452,
      0.528,
      0.448,
      0.437,
      0.434,
      0.428,
      0.493,
      0.456,
      0.467,
      0.315,
      0.466,
      0.471,
      0.429,
      0.425,
      0.433,
      0.45,
      0.484,
      0.358,
      0.452,
      0.463,
      0.447,
      0.38,
      0.459,
      0.43,
      0.4,
      0.503,
      0.44,
      0.695,
      0.372,
      0.568,
      0.575,
      0.437,
      0.469,
      0.437,
      0.347,
      0.453,
      0.514,
      0.5,
      0.628,
      0.436,
      0.499,
      0.398,
      0.453,
      0.604,
      0.464,
      0.397,
      0.41,
      0.447,
      0.412,
      0.425,
      0.402,
      0.403,
      0.402,
      0.571
    ],
    [
      0.663,
      0.732,
      0.481,
      0.642,
      0.468,
      1.0,
      0.685,
      0.535,
      0.553,
      0.711,
      0.609,
      0.515,
      0.779,
      0.419,
      0.546,
      0.672,
      0.619,
      0.609,
      0.653,
      0.59,
      0.663,
      0.718,
      0.654,
      0.532,
      0.567,
      0.663,
      0.53,
      0.595,
      0.493,
      0.724,
      0.675,
      0.516,
      0.486,
      0.607,
      0.628,
      0.418,
      0.619,
      0.525,
      0.663,
      0.652,
      0.627,
      0.514,
      0.56,
      0.627,
      0.48,
      0.588,
      0.552,
      0.476,
      0.609,
      0.469,
      0.63,
      0.542,
      0.504,
      0.49,
      0.518,
      0.457,
      0.583,
      0.542,
      0.437,
      0.525,
      0.537,
      0.448,
      0.503,
      0.624,
      0.646,
      0.586,
      0.494,
      0.453,
      0.417,
      0.404,
      0.515,
      0.467,
      0.607,
      0.376,
      0.492,
      0.614,
      0.648,
      0.522,
      0.677,
      0.628,
      0.583,
      0.644,
      0.6,
      0.488,
      0.708,
      0.582,
      0.553,
      0.5,
      0.593,
      0.692,
      0.547,
      0.599,
      0.729,
      0.513,
      0.47,
      0.421,
      0.624,
      0.623,
      0.495,
      0.463,
      0.471,
      0.521,
      0.574
    ],
    [
      0.584,
      0.629,
      0.487,
      0.583,
      0.587,
      0.685,
      1.0,
      0.555,
      0.547,
      0.683,
      0.597,
      0.462,
      0.793,
      0.416,
      0.502,
      0.728,
      0.563,
      0.573,
      0.589,
      0.495,
      0.581,
      0.605,
      0.644,
      0.516,
      0.537,
      0.601,
      0.478,
      0.518,
      0.518,
      0.521,
      0.565,
      0.447,
      0.433,
      0.564,
      0.494,
      0.537,
      0.546,
      0.512,
      0.636,
      0.583,
      0.56,
      0.517,
      0.449,
      0.501,
      0.563,
      0.541,
      0.49,
      0.407,
      0.518,
      0.435,
      0.655,
      0.559,
      0.462,
      0.429,
      0.465,
      0.454,
      0.506,
      0.547,
      0.4,
      0.483,
      0.511,
      0.426,
      0.45,
      0.566,
      0.557,
      0.549,
      0.456,
      0.409,
      0.409,
      0.406,
      0.463,
      0.447,
      0.476,
      0.36,
      0.516,
      0.515,
      0.619,
      0.509,
      0.591,
      0.585,
      0.535,
      0.533,
      0.478,
      0.461,
      0.58,
      0.656,
      0.529,
      0.549,
      0.563,
      0.582,
      0.481,
      0.53,
      0.634,
      0.472,
      0.427,
      0.365,
      0.552,
      0.49,
      0.451,
      0.432,
      0.392,
      0.493,
      0.629
    ],
    [
      0.503,
      0.585,
      0.494,
      0.548,
      0.398,
      0.535,
      0.555,
      1.0,
      0.517,
      0.655,
      0.559,
      0.491,
      0.643,
      0.45,
      0.555,
      0.567,
      0.522,
      0.692,
      0.509,
      0.591,
      0.506,
      0.657,
      0.563,
      0.488,
      0.561,
      0.588,
      0.452,
      0.58,
      0.441,
      0.473,
      0.593,
      0.483,
      0.492,
      0.611,
      0.48,
      0.497,
      0.614,
      0.473,
      0.663,
      0.502,
      0.535,
      0.535,
      0.45,
      0.491,
      0.497,
      0.653,
      0.503,
      0.412,
      0.477,
      0.498,
      0.606,
      0.494,
      0.421,
      0.42,
      0.471,
      0.466,
      0.526,
      0.478,
      0.413,
      0.505,
      0.532,
      0.447,
      0.466,
      0.637,
      0.593,
      0.545,
      0.479,
      0.441,
      0.404,
      0.425,
      0.518,
      0.425,
      0.51,
      0.383,
      0.451,
      0.491,
      0.544,
      0.558,
      0.465,
      0.485,
      0.554,
      0.509,
      0.504,
      0.401,
      0.537,
      0.665,
      0.536,
      0.492,
      0.508,
      0.491,
      0.481,
      0.51,
      0.487,
      0.532,
      0.478,
      0.354,
      0.587,
      0.592,
      0.514,
      0.462,
      0.429,
      0.556,
      0.599
    ],
    [
      0.65,
      0.635,
      0.489,
      0.634,
      0.503,
      0.553,
      0.547,
      0.517,
      1.0,
      0.619,
      0.683,
      0.502,
      0.66,
      0.456,
      0.532,
      0.658,
      0.639,
      0.615,
      0.637,
      0.508,
      0.622,
      0.622,
      0.765,
      0.589,
      0.572,
      0.541,
      0.553,
      0.478,
      0.449,
      0.54,
      0.532,
      0.471,
      0.466,
      0.483,
      0.572,
      0.521,
      0.554,
      0.537,
      0.602,
      0.58,
      0.537,
      0.554,
      0.537,
      0.501,
      0.55,
      0.531,
      0.606,
      0.437,
      0.575,
      0.497,
      0.564,
      0.493,
      0.512,
      0.473,
      0.553,
      0.507,
      0.61,
      0.469,
      0.436,
      0.569,
      0.52,
      0.561,
      0.517,
      0.62,
      0.589,
      0.603,
      0.484,
      0.482,
      0.452,
      0.475,
      0.523,
      0.488,
      0.593,
      0.415,
      0.499,
      0.523,
      0.555,
      0.5,
      0.518,
      0.571,
      0.547,
      0.564,
      0.503,
      0.473,
      0.604,
      0.565,
      0.517,
      0.548,
      0.566,
      0.573,
      0.446,
      0.539,
      0.547,
      0.619,
      0.494,
      0.403,
      0.496,
      0.529,
      0.498,
      0.587,
      0.5,
      0.523,
      0.589
    ],
    [
      0.649,
      0.754,
      0.591,
      0.712,
      0.524,
      0.711,
      0.683,
      0.655,
      0.619,
      1.0,
      0.697,
      0.607,
      0.833,
      0.452,
      0.635,
      0.695,
      0.668,
      0.782,
      0.683,
      0.693,
      0.714,
      0.841,
      0.693,
      0.65,
      0.782,
      0.724,
      0.592,
      0.641,
      0.556,
      0.669,
      0.767,
      0.584,
      0.569,
      0.582,
      0.624,
      0.552,
      0.767,
      0.549,
      0.715,
      0.644,
      0.712,
      0.628,
      0.592,
      0.669,
      0.57,
      0.741,
      0.634,
      0.568,
      0.716,
      0.529,
      0.744,
      0.608,
      0.521,
      0.571,
      0.6,
      0.535,
      0.624,
      0.589,
      0.577,
      0.632,
      0.64,
      0.543,
      0.585,
      0.715,
      0.7,
      0.611,
      0.598,
      0.529,
      0.488,
      0.506,
      0.678,
      0.574,
      0.662,
      0.438,
      0.566,
      0.65,
      0.704,
      0.673,
      0.692,
      0.667,
      0.77,
      0.669,
      0.698,
      0.532,
      0.708,
      0.674,
      0.682,
      0.574,
      0.677,
      0.686,
      0.633,
      0.686,
      0.684,
      0.618,
      0.593,
      0.482,
      0.736,
      0.687,
      0.614,
      0.581,
      0.555,
      0.657,
      0.721
    ],
    [
      0.631,
      0.667,
      0.537,
      0.705,
      0.541,
      0.609,
      0.597,
      0.559,
      0.683,
      0.697,
      1.0,
      0.501,
      0.735,
      0.442,
      0.617,
      0.678,
      0.695,
      0.701,
      0.648,
      0.575,
      0.652,
      0.705,
      0.837,
      0.629,
      0.702,
      0.667,
      0.703,
      0.567,
      0.477,
      0.612,
      0.66,
      0.555,
      0.531,
      0.561,
      0.693,
      0.724,
      0.647,
      0.625,
      0.692,
      0.73,
      0.607,
      0.612,
      0.578,
      0.621,
      0.642,
      0.635,
      0.649,
      0.559,
      0.63,
      0.546,
      0.65,
      0.582,
      0.557,
      0.63,
      0.649,
      0.571,
      0.629,
      0.543,
      0.522,
      0.644,
      0.622,
      0.557,
      0.582,
      0.65,
      0.63,
      0.674,
      0.559,
      0.536,
      0.51,
      0.565,
      0.625,
      0.589,
      0.604,
      0.539,
      0.568,
      0.588,
      0.617,
      0.54,
      0.603,
      0.672,
      0.661,
      0.641,
      0.603,
      0.506,
      0.649,
      0.664,
      0.659,
      0.574,
      0.591,
      0.622,
      0.554,
      0.603,
      0.676,
      0.649,
      0.553,
      0.561,
      0.673,
      0.611,
      0.602,
      0.595,
      0.557,
      0.608,
      0.685
    ],
    [
      0.547,
      0.784,
      0.491,
      0.557,
      0.353,
      0.515,
      0.462,
      0.491,
      0.502,
      0.607,
      0.501,
      1.0,
      0.588,
      0.388,
      0.573,
      0.523,
      0.597,
      0.656,
      0.574,
      0.761,
      0.554,
      0.6,
      0.535,
      0.528,
      0.6,
      0.594,
      0.461,
      0.573,
      0.586,
      0.505,
      0.604,
      0.458,
      0.456,
      0.544,
      0.485,
      0.356,
      0.612,
      0.429,
      0.569,
      0.431,
      0.568,
      0.472,
      0.541,
      0.527,
      0.404,
      0.524,
      0.517,
      0.455,
      0.544,
      0.565,
      0.594,
      0.502,
      0.492,
      0.455,
      0.421,
      0.479,
      0.576,
      0.445,
      0.472,
      0.5,
      0.493,
      0.436,
      0.435,
      0.576,
      0.6,
      0.518,
      0.513,
      0.48,
      0.385,
      0.417,
      0.476,
      0.449,
      0.576,
      0.332,
      0.475,
      0.513,
      0.565,
      0.707,
      0.475,
      0.55,
      0.544,
      0.57,
      0.512,
      0.454,
      0.563,
      0.473,
      0.504,
      0.441,
      0.639,
      0.511,
      0.499,
      0.609,
      0.501,
      0.523,
      0.476,
      0.352,
      0.535,
      0.524,
      0.474,
      0.45,
      0.486,
      0.589,
      0.587
    ],
    [
      0.642,
      0.769,
      0.589,
      0.749,
      0.673,
      0.779,
      0.793,
      0.643,
      0.66,
      0.833,
      0.735,
      0.588,
      1.0,
      0.467,
      0.639,
      0.846,
      0.741,
      0.742,
      0.748,
      0.643,
      0.741,
      0.829,
      0.776,
      0.661,
      0.743,
      0.724,
      0.628,
      0.635,
      0.577,
      0.68,
      0.747,
      0.583,
      0.566,
      0.609,
      0.651,
      0.625,
      0.74,
      0.596,
      0.751,
      0.732,
      0.743,
      0.656,
      0.624,
      0.652,
      0.655,
      0.706,
      0.645,
      0.56,
      0.683,
      0.543,
      0.826,
      0.602,
      0.555,
      0.597,
      0.606,
      0.573,
      0.627,
      0.621,
      0.518,
      0.622,
      0.655,
      0.562,
      0.599,
      0.721,
      0.701,
      0.64,
      0.573,
      0.55,
      0.519,
      0.529,
      0.643,
      0.605,
      0.656,
      0.46,
      0.631,
      0.654,
      0.79,
      0.614,
      0.804,
      0.751,
      0.683,
      0.672,
      0.696,
      0.547,
      0.704,
      0.779,
      0.673,
      0.691,
      0.656,
      0.719,
      0.623,
      0.68,
      0.82,
      0.627,
      0.565,
      0.498,
      0.714,
      0.638,
      0.61,
      0.579,
      0.549,
      0.622,
      0.747
    ],
    [
      0.651,
      0.511,
      0.417,
      0.5,
      0.316,
      0.419,
      0.416,
      0.45,
      0.456,
      0.452,
      0.442,
      0.388,
      0.467,
      1.0,
      0.429,
      0.425,
      0.487,
      0.524,
      0.435,
      0.45,
      0.463,
      0.468,
      0.469,
      0.48,
      0.42,
      0.498,
      0.449,
      0.432,
      0.409,
      0.409,
      0.439,
      0.403,
      0.395,
      0.442,
      0.441,
      0.387,
      0.477,
      0.413,
      0.498,
      0.433,
      0.466,
      0.432,
      0.419,
      0.421,
      0.437,
      0.407,
      0.523,
      0.35,
      0.459,
      0.428,
      0.464,
      0.454,
      0.417,
      0.401,
      0.475,
      0.453,
      0.465,
      0.401,
      0.343,
      0.472,
      0.459,
      0.378,
      0.42,
      0.446,
      0.522,
      0.489,
      0.561,
      0.404,
      0.398,
      0.399,
      0.48,
      0.372,
      0.447,
      0.383,
      0.41,
      0.459,
      0.434,
      0.485,
      0.383,
      0.408,
      0.421,
      0.454,
      0.445,
      0.334,
      0.437,
      0.428,
      0.451,
      0.412,
      0.48,
      0.421,
      0.413,
      0.468,
      0.402,
      0.466,
      0.464,
      0.409,
      0.462,
      0.481,
      0.455,
      0.462,
      0.44,
      0.425,
      0.436
    ],
    [
      0.581,
      0.713,
      0.581,
      0.731,
      0.451,
      0.546,
      0.502,
      0.555,
      0.532,
      0.635,
      0.617,
      0.573,
      0.639,
      0.429,
      1.0,
      0.61,
      0.641,
      0.677,
      0.605,
      0.692,
      0.643,
      0.661,
      0.644,
      0.604,
      0.66,
      0.675,
      0.639,
      0.585,
      0.507,
      0.585,
      0.673,
      0.531,
      0.514,
      0.556,
      0.614,
      0.509,
      0.679,
      0.615,
      0.58,
      0.545,
      0.628,
      0.687,
      0.627,
      0.629,
      0.53,
      0.635,
      0.649,
      0.599,
      0.695,
      0.68,
      0.664,
      0.714,
      0.58,
      0.616,
      0.646,
      0.649,
      0.684,
      0.644,
      0.587,
      0.599,
      0.647,
      0.613,
      0.603,
      0.577,
      0.632,
      0.599,
      0.582,
      0.645,
      0.59,
      0.657,
      0.578,
      0.645,
      0.589,
      0.494,
      0.62,
      0.675,
      0.59,
      0.598,
      0.577,
      0.634,
      0.593,
      0.62,
      0.669,
      0.503,
      0.565,
      0.595,
      0.706,
      0.568,
      0.596,
      0.558,
      0.59,
      0.628,
      0.584,
      0.646,
      0.573,
      0.535,
      0.627,
      0.682,
      0.604,
      0.576,
      0.585,
      0.63,
      0.639
    ],
    [
      0.647,
      0.727,
      0.567,
      0.77,
      0.758,
      0.672,
      0.728,
      0.567,
      0.658,
      0.695,
      0.678,
      0.523,
      0.846,
      0.425,
      0.61,
      1.0,
      0.721,
      0.652,
      0.709,
      0.56,
      0.677,
      0.697,
      0.809,
      0.652,
      0.655,
      0.688,
      0.649,
      0.578,
      0.531,
      0.666,
      0.694,
      0.559,
      0.554,
      0.571,
      0.684,
      0.673,
      0.636,
      0.646,
      0.634,
      0.695,
      0.657,
      0.704,
      0.631,
      0.633,
      0.748,
      0.673,
      0.667,
      0.583,
      0.657,
      0.584,
      0.73,
      0.622,
      0.559,
      0.601,
      0.627,
      0.62,
      0.639,
      0.621,
      0.466,
      0.602,
      0.628,
      0.591,
      0.594,
      0.639,
      0.612,
      0.673,
      0.543,
      0.584,
      0.555,
      0.569,
      0.542,
      0.631,
      0.618,
      0.48,
      0.669,
      0.651,
      0.714,
      0.539,
      0.764,
      0.778,
      0.591,
      0.678,
      0.61,
      0.537,
      0.619,
      0.714,
      0.682,
      0.775,
      0.633,
      0.661,
      0.567,
      0.627,
      0.753,
      0.661,
      0.564,
      0.517,
      0.616,
      0.591,
      0.569,
      0.59,
      0.541,
      0.577,
      0.749
    ],
    [
      0.66,
      0.739,
      0.628,
      0.787,
      0.559,
      0.619,
      0.563,
      0.522,
      0.639,
      0.668,
      0.695,
      0.597,
      0.741,
      0.487,
      0.641,
      0.721,
      1.0,
      0.679,
      0.727,
      0.601,
      0.7,
      0.68,
      0.733,
      0.734,
      0.638,
      0.688,
      0.674,
      0.643,
      0.55,
      0.659,
      0.69,
      0.689,
      0.677,
      0.619,
      0.681,
      0.53,
      0.622,
      0.626,
      0.671,
      0.607,
      0.685,
      0.655,
      0.706,
      0.649,
      0.614,
      0.647,
      0.712,
      0.571,
      0.678,
      0.608,
      0.686,
      0.558,
      0.587,
      0.59,
      0.631,
      0.671,
      0.71,
      0.546,
      0.485,
      0.7,
      0.76,
      0.623,
      0.666,
      0.658,
      0.696,
      0.726,
      0.571,
      0.673,
      0.603,
      0.591,
      0.568,
      0.63,
      0.665,
      0.47,
      0.588,
      0.613,
      0.688,
      0.575,
      0.65,
      0.706,
      0.586,
      0.711,
      0.637,
      0.641,
      0.649,
      0.635,
      0.678,
      0.615,
      0.66,
      0.722,
      0.577,
      0.646,
      0.666,
      0.699,
      0.609,
      0.519,
      0.627,
      0.568,
      0.663,
      0.683,
      0.675,
      0.621,
      0.641
    ],
    [
      0.699,
      0.768,
      0.585,
      0.743,
      0.457,
      0.609,
      0.573,
      0.692,
      0.615,
      0.782,
      0.701,
      0.656,
      0.742,
      0.524,
      0.677,
      0.652,
      0.679,
      1.0,
      0.66,
      0.751,
      0.695,
      0.797,
      0.718,
      0.676,
      0.807,
      0.795,
      0.679,
      0.735,
      0.58,
      0.67,
      0.709,
      0.603,
      0.59,
      0.716,
      0.684,
      0.586,
      0.829,
      0.619,
      0.835,
      0.632,
      0.694,
      0.622,
      0.625,
      0.694,
      0.573,
      0.689,
      0.761,
      0.63,
      0.678,
      0.604,
      0.783,
      0.675,
      0.539,
      0.654,
      0.701,
      0.607,
      0.719,
      0.603,
      0.598,
      0.711,
      0.695,
      0.626,
      0.64,
      0.684,
      0.71,
      0.657,
      0.709,
      0.595,
      0.559,
      0.577,
      0.705,
      0.637,
      0.667,
      0.466,
      0.648,
      0.659,
      0.629,
      0.791,
      0.637,
      0.7,
      0.727,
      0.7,
      0.659,
      0.525,
      0.636,
      0.695,
      0.731,
      0.592,
      0.709,
      0.622,
      0.655,
      0.658,
      0.647,
      0.66,
      0.767,
      0.572,
      0.776,
      0.727,
      0.696,
      0.654,
      0.642,
      0.793,
      0.783
    ],
    [
      0.628,
      0.723,
      0.532,
      0.777,
      0.544,
      0.653,
      0.589,
      0.509,
      0.637,
      0.683,
      0.648,
      0.574,
      0.748,
      0.435,
      0.605,
      0.709,
      0.727,
      0.66,
      1.0,
      0.587,
      0.856,
      0.689,
      0.707,
      0.655,
      0.698,
      0.666,
      0.648,
      0.561,
      0.469,
      0.675,
      0.661,
      0.596,
      0.569,
      0.562,
      0.62,
      0.471,
      0.604,
      0.56,
      0.647,
      0.539,
      0.663,
      0.626,
      0.654,
      0.656,
      0.51,
      0.643,
      0.639,
      0.608,
      0.701,
      0.534,
      0.676,
      0.589,
      0.535,
      0.608,
      0.577,
      0.605,
      0.641,
      0.573,
      0.621,
      0.623,
      0.616,
      0.564,
      0.641,
      0.676,
      0.622,
      0.635,
      0.519,
      0.581,
      0.554,
      0.526,
      0.543,
      0.588,
      0.671,
      0.418,
      0.555,
      0.689,
      0.65,
      0.541,
      0.663,
      0.737,
      0.576,
      0.738,
      0.651,
      0.618,
      0.68,
      0.564,
      0.659,
      0.562,
      0.59,
      0.765,
      0.561,
      0.715,
      0.658,
      0.638,
      0.568,
      0.457,
      0.568,
      0.613,
      0.619,
      0.568,
      0.547,
      0.583,
      0.604
    ],
    [
      0.603,
      0.775,
      0.529,
      0.628,
      0.408,
      0.59,
      0.495,
      0.591,
      0.508,
      0.693,
      0.575,
      0.761,
      0.643,
      0.45,
      0.692,
      0.56,
      0.601,
      0.751,
      0.587,
      1.0,
      0.611,
      0.693,
      0.6,
      0.591,
      0.654,
      0.658,
      0.559,
      0.59,
      0.613,
      0.596,
      0.713,
      0.503,
      0.503,
      0.556,
      0.572,
      0.441,
      0.74,
      0.508,
      0.623,
      0.526,
      0.621,
      0.563,
      0.635,
      0.606,
      0.493,
      0.631,
      0.614,
      0.499,
      0.65,
      0.602,
      0.639,
      0.578,
      0.512,
      0.524,
      0.552,
      0.531,
      0.604,
      0.514,
      0.484,
      0.567,
      0.58,
      0.486,
      0.518,
      0.568,
      0.636,
      0.547,
      0.644,
      0.507,
      0.442,
      0.503,
      0.589,
      0.541,
      0.645,
      0.384,
      0.548,
      0.621,
      0.591,
      0.77,
      0.536,
      0.588,
      0.646,
      0.599,
      0.611,
      0.459,
      0.583,
      0.545,
      0.592,
      0.486,
      0.676,
      0.534,
      0.572,
      0.645,
      0.577,
      0.563,
      0.564,
      0.444,
      0.65,
      0.726,
      0.549,
      0.535,
      0.543,
      0.631,
      0.648
    ],
    [
      0.654,
      0.742,
      0.574,
      0.769,
      0.514,
      0.663,
      0.581,
      0.506,
      0.622,
      0.714,
      0.652,
      0.554,
      0.741,
      0.463,
      0.643,
      0.677,
      0.7,
      0.695,
      0.856,
      0.611,
      1.0,
      0.716,
      0.681,
      0.674,
      0.698,
      0.659,
      0.65,
      0.591,
      0.479,
      0.681,
      0.667,
      0.6,
      0.568,
      0.555,
      0.634,
      0.469,
      0.64,
      0.565,
      0.665,
      0.556,
      0.665,
      0.615,
      0.65,
      0.674,
      0.508,
      0.687,
      0.656,
      0.588,
      0.745,
      0.547,
      0.674,
      0.593,
      0.562,
      0.624,
      0.598,
      0.622,
      0.667,
      0.576,
      0.649,
      0.643,
      0.627,
      0.583,
      0.746,
      0.682,
      0.665,
      0.623,
      0.56,
      0.584,
      0.613,
      0.554,
      0.585,
      0.611,
      0.682,
      0.423,
      0.537,
      0.709,
      0.667,
      0.593,
      0.662,
      0.685,
      0.619,
      0.692,
      0.646,
      0.621,
      0.686,
      0.594,
      0.713,
      0.531,
      0.616,
      0.811,
      0.581,
      0.749,
      0.667,
      0.612,
      0.612,
      0.48,
      0.632,
      0.65,
      0.625,
      0.608,
      0.585,
      0.599,
      0.617
    ],
    [
      0.666,
      0.758,
      0.588,
      0.755,
      0.51,
      0.718,
      0.605,
      0.657,
      0.622,
      0.841,
      0.705,
      0.6,
      0.829,
      0.468,
      0.661,
      0.697,
      0.68,
      0.797,
      0.689,
      0.693,
      0.716,
      1.0,
      0.693,
      0.66,
      0.796,
      0.749,
      0.639,
      0.649,
      0.541,
      0.704,
      0.736,
      0.631,
      0.616,
      0.61,
      0.652,
      0.548,
      0.839,
      0.601,
      0.71,
      0.656,
      0.73,
      0.617,
      0.635,
      0.698,
      0.558,
      0.684,
      0.692,
      0.619,
      0.68,
      0.563,
      0.753,
      0.626,
      0.515,
      0.633,
      0.658,
      0.579,
      0.657,
      0.623,
      0.583,
      0.649,
      0.662,
      0.584,
      0.661,
      0.765,
      0.751,
      0.628,
      0.635,
      0.572,
      0.541,
      0.577,
      0.75,
      0.613,
      0.697,
      0.447,
      0.6,
      0.703,
      0.758,
      0.661,
      0.743,
      0.717,
      0.784,
      0.694,
      0.79,
      0.541,
      0.71,
      0.69,
      0.726,
      0.594,
      0.679,
      0.711,
      0.721,
      0.709,
      0.744,
      0.675,
      0.644,
      0.504,
      0.755,
      0.712,
      0.618,
      0.609,
      0.614,
      0.676,
      0.723
    ],
    [
      0.713,
      0.765,
      0.547,
      0.805,
      0.6,
      0.654,
      0.644,
      0.563,
      0.765,
      0.693,
      0.837,
      0.535,
      0.776,
      0.469,
      0.644,
      0.809,
      0.733,
      0.718,
      0.707,
      0.6,
      0.681,
      0.693,
      1.0,
      0.675,
      0.685,
      0.715,
      0.72,
      0.592,
      0.501,
      0.691,
      0.656,
      0.571,
      0.559,
      0.617,
      0.76,
      0.674,
      0.641,
      0.707,
      0.691,
      0.758,
      0.658,
      0.72,
      0.678,
      0.68,
      0.696,
      0.653,
      0.731,
      0.58,
      0.714,
      0.608,
      0.682,
      0.665,
      0.616,
      0.622,
      0.711,
      0.632,
      0.72,
      0.58,
      0.518,
      0.669,
      0.652,
      0.627,
      0.63,
      0.628,
      0.676,
      0.719,
      0.618,
      0.587,
      0.564,
      0.626,
      0.602,
      0.659,
      0.666,
      0.529,
      0.678,
      0.69,
      0.653,
      0.593,
      0.663,
      0.784,
      0.624,
      0.73,
      0.643,
      0.524,
      0.688,
      0.728,
      0.682,
      0.68,
      0.651,
      0.664,
      0.589,
      0.643,
      0.7,
      0.733,
      0.601,
      0.57,
      0.636,
      0.649,
      0.62,
      0.654,
      0.603,
      0.63,
      0.741
    ],
    [
      0.648,
      0.69,
      0.748,
      0.766,
      0.482,
      0.532,
      0.516,
      0.488,
      0.589,
      0.65,
      0.629,
      0.528,
      0.661,
      0.48,
      0.604,
      0.652,
      0.734,
      0.676,
      0.655,
      0.591,
      0.674,
      0.66,
      0.675,
      1.0,
      0.637,
      0.664,
      0.661,
      0.571,
      0.489,
      0.655,
      0.628,
      0.62,
      0.607,
      0.558,
      0.673,
      0.517,
      0.619,
      0.611,
      0.652,
      0.521,
      0.655,
      0.629,
      0.653,
      0.647,
      0.582,
      0.614,
      0.755,
      0.566,
      0.688,
      0.598,
      0.657,
      0.581,
      0.596,
      0.598,
      0.636,
      0.66,
      0.646,
      0.563,
      0.478,
      0.69,
      0.836,
      0.615,
      0.634,
      0.624,
      0.614,
      0.693,
      0.619,
      0.613,
      0.596,
      0.594,
      0.592,
      0.644,
      0.658,
      0.471,
      0.584,
      0.617,
      0.598,
      0.576,
      0.603,
      0.652,
      0.618,
      0.691,
      0.625,
      0.53,
      0.585,
      0.586,
      0.669,
      0.594,
      0.638,
      0.604,
      0.584,
      0.636,
      0.643,
      0.684,
      0.635,
      0.528,
      0.608,
      0.587,
      0.678,
      0.795,
      0.643,
      0.656,
      0.595
    ],
    [
      0.599,
      0.716,
      0.563,
      0.777,
      0.447,
      0.567,
      0.537,
      0.561,
      0.572,
      0.782,
      0.702,
      0.6,
      0.743,
      0.42,
      0.66,
      0.655,
      0.638,
      0.807,
      0.698,
      0.654,
      0.698,
      0.796,
      0.685,
      0.637,
      1.0,
      0.745,
      0.676,
      0.614,
      0.495,
      0.682,
      0.682,
      0.566,
      0.546,
      0.567,
      0.633,
      0.576,
      0.749,
      0.592,
      0.672,
      0.595,
      0.639,
      0.64,
      0.661,
      0.725,
      0.528,
      0.677,
      0.678,
      0.77,
      0.715,
      0.586,
      0.767,
      0.63,
      0.533,
      0.724,
      0.682,
      0.599,
      0.661,
      0.618,
      0.799,
      0.666,
      0.643,
      0.607,
      0.649,
      0.723,
      0.611,
      0.602,
      0.601,
      0.587,
      0.547,
      0.58,
      0.665,
      0.642,
      0.665,
      0.457,
      0.574,
      0.695,
      0.609,
      0.651,
      0.68,
      0.711,
      0.718,
      0.728,
      0.706,
      0.534,
      0.63,
      0.623,
      0.786,
      0.579,
      0.652,
      0.627,
      0.628,
      0.679,
      0.63,
      0.652,
      0.633,
      0.541,
      0.753,
      0.637,
      0.627,
      0.593,
      0.574,
      0.731,
      0.729
    ],
    [
      0.705,
      0.785,
      0.575,
      0.793,
      0.48,
      0.663,
      0.601,
      0.588,
      0.541,
      0.724,
      0.667,
      0.594,
      0.724,
      0.498,
      0.675,
      0.688,
      0.688,
      0.795,
      0.666,
      0.658,
      0.659,
      0.749,
      0.715,
      0.664,
      0.745,
      1.0,
      0.683,
      0.707,
      0.576,
      0.713,
      0.692,
      0.619,
      0.597,
      0.733,
      0.706,
      0.564,
      0.734,
      0.68,
      0.741,
      0.622,
      0.68,
      0.658,
      0.639,
      0.747,
      0.575,
      0.629,
      0.732,
      0.74,
      0.683,
      0.616,
      0.759,
      0.735,
      0.548,
      0.692,
      0.693,
      0.683,
      0.708,
      0.647,
      0.577,
      0.733,
      0.719,
      0.622,
      0.647,
      0.628,
      0.681,
      0.691,
      0.698,
      0.622,
      0.609,
      0.606,
      0.63,
      0.64,
      0.642,
      0.44,
      0.618,
      0.694,
      0.653,
      0.68,
      0.649,
      0.705,
      0.701,
      0.811,
      0.673,
      0.544,
      0.771,
      0.701,
      0.735,
      0.62,
      0.728,
      0.666,
      0.709,
      0.668,
      0.677,
      0.68,
      0.738,
      0.577,
      0.77,
      0.682,
      0.715,
      0.618,
      0.603,
      0.741,
      0.752
    ],
    [
      0.645,
      0.688,
      0.568,
      0.834,
      0.489,
      0.53,
      0.478,
      0.452,
      0.553,
      0.592,
      0.703,
      0.461,
      0.628,
      0.449,
      0.639,
      0.649,
      0.674,
      0.679,
      0.648,
      0.559,
      0.65,
      0.639,
      0.72,
      0.661,
      0.676,
      0.683,
      1.0,
      0.567,
      0.455,
      0.718,
      0.613,
      0.7,
      0.712,
      0.546,
      0.771,
      0.634,
      0.624,
      0.727,
      0.627,
      0.617,
      0.634,
      0.739,
      0.698,
      0.722,
      0.606,
      0.598,
      0.779,
      0.683,
      0.727,
      0.641,
      0.631,
      0.649,
      0.592,
      0.727,
      0.758,
      0.698,
      0.679,
      0.577,
      0.564,
      0.708,
      0.693,
      0.707,
      0.753,
      0.557,
      0.598,
      0.67,
      0.647,
      0.727,
      0.676,
      0.686,
      0.591,
      0.686,
      0.63,
      0.555,
      0.609,
      0.744,
      0.575,
      0.551,
      0.623,
      0.712,
      0.601,
      0.727,
      0.694,
      0.503,
      0.514,
      0.591,
      0.721,
      0.628,
      0.622,
      0.589,
      0.619,
      0.625,
      0.646,
      0.706,
      0.621,
      0.654,
      0.645,
      0.584,
      0.647,
      0.64,
      0.657,
      0.651,
      0.613
    ],
    [
      0.58,
      0.69,
      0.548,
      0.658,
      0.397,
      0.595,
      0.518,
      0.58,
      0.478,
      0.641,
      0.567,
      0.573,
      0.635,
      0.432,
      0.585,
      0.578,
      0.643,
      0.735,
      0.561,
      0.59,
      0.591,
      0.649,
      0.592,
      0.571,
      0.614,
      0.707,
      0.567,
      1.0,
      0.486,
      0.588,
      0.619,
      0.556,
      0.541,
      0.784,
      0.619,
      0.461,
      0.641,
      0.573,
      0.734,
      0.542,
      0.566,
      0.539,
      0.593,
      0.616,
      0.475,
      0.557,
      0.598,
      0.535,
      0.595,
      0.559,
      0.66,
      0.568,
      0.499,
      0.531,
      0.578,
      0.56,
      0.637,
      0.52,
      0.46,
      0.638,
      0.661,
      0.52,
      0.566,
      0.59,
      0.631,
      0.611,
      0.569,
      0.532,
      0.507,
      0.504,
      0.541,
      0.544,
      0.597,
      0.431,
      0.568,
      0.564,
      0.548,
      0.635,
      0.573,
      0.631,
      0.585,
      0.629,
      0.568,
      0.489,
      0.558,
      0.659,
      0.605,
      0.522,
      0.585,
      0.555,
      0.565,
      0.583,
      0.569,
      0.609,
      0.612,
      0.487,
      0.68,
      0.57,
      0.608,
      0.557,
      0.552,
      0.664,
      0.648
    ],
    [
      0.545,
      0.683,
      0.44,
      0.515,
      0.494,
      0.493,
      0.518,
      0.441,
      0.449,
      0.556,
      0.477,
      0.586,
      0.577,
      0.409,
      0.507,
      0.531,
      0.55,
      0.58,
      0.469,
      0.613,
      0.479,
      0.541,
      0.501,
      0.489,
      0.495,
      0.576,
      0.455,
      0.486,
      1.0,
      0.445,
      0.55,
      0.446,
      0.436,
      0.499,
      0.464,
      0.4,
      0.549,
      0.465,
      0.513,
      0.441,
      0.546,
      0.449,
      0.485,
      0.459,
      0.462,
      0.491,
      0.502,
      0.433,
      0.499,
      0.512,
      0.557,
      0.547,
      0.426,
      0.432,
      0.435,
      0.449,
      0.48,
      0.497,
      0.346,
      0.462,
      0.513,
      0.428,
      0.419,
      0.473,
      0.558,
      0.499,
      0.57,
      0.456,
      0.401,
      0.406,
      0.451,
      0.432,
      0.507,
      0.327,
      0.429,
      0.497,
      0.582,
      0.639,
      0.419,
      0.458,
      0.502,
      0.493,
      0.432,
      0.402,
      0.487,
      0.487,
      0.477,
      0.461,
      0.682,
      0.475,
      0.507,
      0.496,
      0.513,
      0.472,
      0.462,
      0.388,
      0.516,
      0.492,
      0.443,
      0.45,
      0.461,
      0.528,
      0.591
    ],
    [
      0.665,
      0.723,
      0.539,
      0.816,
      0.449,
      0.724,
      0.521,
      0.473,
      0.54,
      0.669,
      0.612,
      0.505,
      0.68,
      0.409,
      0.585,
      0.666,
      0.659,
      0.67,
      0.675,
      0.596,
      0.681,
      0.704,
      0.691,
      0.655,
      0.682,
      0.713,
